,0,1,2,3,4,5,6,7,8,9,10,11,12,13,14,15,16,17,ageRange,age_new
0,0.0392356488367199,0.04456104628362001,0.031325867334706506,0.028663168611256454,0.023651029837703414,0.02921137128961382,0.03712115279162721,0.06069386796099386,0.08465815647204433,0.07236275354317204,0.039392278173393434,0.025217323204438737,0.019656981752528332,0.022789568485998984,0.029837888636307947,0.03336204871146243,0.029681259299634416,0.34857858876694664,age_55_59,False
1,0.04196087979837707,0.03976949922863591,0.029299569839872575,0.02597191786359896,0.025403782160332733,0.031003976949671257,0.03595487379241981,0.06744582420203354,0.08075643210712802,0.07669831994094067,0.034818602385887354,0.02475448421374276,0.01923545166772798,0.017612206801253045,0.01777453128790054,0.03457511565591612,0.032870708546117434,0.36409382355032793,age_55_59,False
2,0.040294924553838346,0.0453532235935755,0.03686556927266062,0.025891632372891875,0.024434156378391338,0.030435528120452367,0.041066529492103335,0.05889917695422754,0.08882030178250325,0.07270233196096791,0.03780864197498449,0.023319615912008575,0.021004801097213605,0.030264060356393483,0.03395061728365954,0.030949931412629028,0.031807270232923464,0.3261316872400023,age_55_59,False
3,0.04309715120490953,0.03741579417224725,0.036523009495686036,0.0324648973294987,0.026296566836893947,0.031166301436318752,0.03968833698531216,0.05267429591711164,0.07937667397062433,0.07872737602403435,0.0461813164512119,0.036036036035743554,0.0262154045935702,0.023618212807210305,0.023131239347267823,0.025890755620275215,0.03222141059952746,0.3292752211644406,age_55_59,False
4,0.04539858417939829,0.04201292705415502,0.029470606340185668,0.02208371806692764,0.02108341027992395,0.03216374268981099,0.03901200369314395,0.05555555555512807,0.07063711911302988,0.056786703600671076,0.03139427516134661,0.025469375192170903,0.018159433671759314,0.020621729762845323,0.0242382271466279,0.03531855955651494,0.03131732840850017,0.3992767005201656,age_55_59,False
5,0.0322656433547477,0.03485002740986099,0.033205419374788894,0.029446315294624117,0.02662698723450053,0.03524160075154482,0.055290155845756986,0.07635680162834711,0.11551413579673024,0.09295951131574157,0.04338632625856851,0.0267053019028373,0.018325632390803308,0.028193280601235857,0.029994517972981482,0.0257655258827961,0.024825749862754907,0.27104706711354803,age_55_59,False
6,0.04280931122414852,0.04735331632615311,0.037627551020108195,0.03212691326505001,0.02264030612226849,0.028778698979362412,0.0371492346935814,0.055564413264863166,0.08235012755036392,0.05803571428525162,0.029336734693643677,0.0183354591835273,0.014588647959067372,0.019531249999844298,0.027901785714063283,0.036910076530318,0.037627551020108195,0.37133290816030506,age_55_59,False
7,0.040337634931902136,0.0423666910149958,0.029786543299815057,0.029137245353225084,0.02597191786359896,0.031815599382908726,0.03895787679539844,0.05843681519309766,0.07523739956111324,0.0664718772821486,0.03400697995264989,0.020858696534202914,0.01347293239174196,0.01744988231460555,0.02467332197041901,0.035305575845829835,0.03587371154909606,0.3798392987551348,age_55_59,False
8,0.04033205419343463,0.04346464092690528,0.03524160075154482,0.02811496593289909,0.027331819249531427,0.03022946197799178,0.04322969692189498,0.06844702012633372,0.09969457279270345,0.07463387892493825,0.034145195394830095,0.021144960450926894,0.01699428302907828,0.019813611089201866,0.029994517972981482,0.03696452345495368,0.03085597932468591,0.3193672174773328,age_55_59,False
9,0.03871455576530272,0.04461247637017306,0.026313799621729195,0.022003780718170104,0.023137996219106706,0.028582230623602402,0.04272211720194539,0.06654064272161406,0.09141776937549022,0.06896030245694548,0.03417769376155631,0.023742911152939562,0.01822306238171476,0.019432892249380468,0.022155009451628318,0.03531190926249291,0.03266540642697417,0.3612854442316727,age_55_59,False
10,0.03845804988627249,0.033560090702643444,0.030022675736689135,0.023673469387540374,0.029206349206084295,0.0342857142854033,0.045895691609561036,0.07446712018073046,0.10240362811698499,0.0726530612238308,0.03773242630351263,0.0271201814056497,0.01777777777761653,0.022040816326330693,0.026938775509959736,0.02630385487504486,0.030476190475914045,0.32698412698116114,age_55_59,False
11,0.04213329156518025,0.04463936095195677,0.03398856605815656,0.022319680475978387,0.020048555094212165,0.02325945649601958,0.03586811809823895,0.071031404181447,0.10486334090293004,0.08818231654719881,0.03868744615836254,0.024669120526081376,0.018169003054129773,0.021144960450926894,0.02662698723450053,0.03453676873651392,0.031325867334706506,0.3185057561256284,age_55_59,False
12,0.04463923382806071,0.03798392987551348,0.0348997646292111,0.02702702702680767,0.02548494440365648,0.03092281470634751,0.04082460839184462,0.0672023374720623,0.09901793685497104,0.07085463842163091,0.036360685009038544,0.02394286178050529,0.01850499147781426,0.017612206801253045,0.02694586478348392,0.0348997646292111,0.03295187078944118,0.32992451911103055,age_55_59,False
13,0.031458333333114874,0.0336111111108777,0.035624999999752605,0.03638888888863619,0.033194444444213926,0.035624999999752605,0.04576388888857108,0.06798611111063899,0.08638888888828897,0.06840277777730276,0.03638888888863619,0.025277777777602237,0.01868055555542583,0.02229166666651186,0.029097222222020158,0.036111111110860336,0.03180555555533468,0.3259027777755146,age_55_59,False
14,0.03712115279162721,0.04205497689684349,0.03336204871146243,0.02474743519441814,0.024277547184397542,0.026548672566163764,0.0394705928417302,0.06578432140288366,0.09319445532075187,0.07862792701011333,0.03751272613331104,0.024199232516060775,0.01636776568238415,0.021928107134294553,0.026078784556143167,0.030151147309655013,0.033831936721483026,0.3447411700184451,age_55_59,False
15,0.03611719827906731,0.042123204285024564,0.03855206557877971,0.033763493222678645,0.024105186267152783,0.02840678516331136,0.03587371154909606,0.068906744581861,0.1050239428609283,0.08254200146025044,0.04390877363814699,0.026053080106922706,0.020939858777526663,0.02394286178050529,0.025079133187037746,0.031085139192995007,0.032140248356203716,0.3014365717043954,age_55_59,False
16,0.03600823045236618,0.034465020575836204,0.03137860082277624,0.025034293552597443,0.023576817558096905,0.02786351165956907,0.03875171467730837,0.074845679011704,0.12945816186445938,0.08367626886073665,0.04200960219442721,0.02709190672130408,0.017575445816035876,0.01929012345662474,0.02194787379953748,0.026148834018980202,0.02597736625492132,0.3149005486941452,age_55_59,False
17,0.04768595041282904,0.048181818181419984,0.03247933884270678,0.02322314049567584,0.019090909090751312,0.02330578512377433,0.028677685950176217,0.05008264462768527,0.07628099173490677,0.06685950413167885,0.037768595041010176,0.025702479338630558,0.016115702479205653,0.018925619834554333,0.023801652892365275,0.03719008264432074,0.03719008264432074,0.3874380165257236,age_55_59,False
18,0.044458031268718154,0.04358459254045257,0.033015983928439026,0.029522229015376694,0.027338632194712737,0.032055201327346884,0.04349724866762601,0.06812822080471545,0.07782339068846342,0.06253821294381572,0.033015983928439026,0.019302995894669377,0.01301423705115718,0.014935802253341462,0.02725128832188618,0.0380819285523794,0.03607301947736856,0.3563630011323577,age_55_59,False
19,0.06515852912861246,0.05799633155683469,0.025941130229487804,0.023058782426211382,0.016507991964219513,0.014673770634861787,0.02166128046098645,0.028474102541457994,0.03729583369694038,0.035461612367582655,0.01956502751314905,0.01860424491205691,0.015896584854433602,0.017905493929444443,0.02419425277295664,0.04716569132634146,0.04489475063285095,0.48554458904283737,age_55_59,False
20,0.039979799679825095,0.037033919703416934,0.030805487753296813,0.026933759784303225,0.030805487753296813,0.03509805571892014,0.04149482366769215,0.0693544314445808,0.09393148724775749,0.0728894874162706,0.03795976769600236,0.02466122380250264,0.020621159834857156,0.02541873579643617,0.02567123979441401,0.02870128777014812,0.029458799764081653,0.32918104536378096,age_55_59,False
21,0.04115702479304829,0.04066115702445734,0.03710743801622225,0.029669421487358103,0.02438016528905471,0.03148760330552489,0.037768595041010176,0.06603305785069394,0.08933884297446827,0.07272727272667168,0.03702479338812376,0.025702479338630558,0.016033057851107164,0.02148760330560754,0.028925619834471686,0.0340495867765781,0.03165289256172187,0.33479338842698514,age_55_59,False
22,0.045187563630314134,0.039313963505056664,0.02936800062628735,0.022397995144315154,0.024199232516060775,0.02772339259121526,0.041663403555159656,0.06664578275458809,0.0847364711403811,0.06672409742292486,0.03860913149002577,0.03022946197799178,0.019970240425875398,0.020910016445916592,0.022554624480988685,0.02795833659622556,0.032970475369778596,0.35883781031906303,age_55_59,False
23,0.028869623768800017,0.028953791768125965,0.023146199814635584,0.02567123979441401,0.02987963976071139,0.04418819964612248,0.055635047554451346,0.09073310327337149,0.11867687904958608,0.09367898324977965,0.04957495160298312,0.03223634374183792,0.023482871811939372,0.019274471845641995,0.019190303846316047,0.022052015823398264,0.022136183822724212,0.2726201498167442,age_55_59,False
24,0.048947704081242445,0.04328762755067532,0.02981505102017048,0.026626275509991817,0.022241709183496158,0.028220663265081148,0.033561862244630404,0.05492665816282743,0.06536989795866255,0.051977040815912166,0.028539540816099013,0.02176339285696936,0.011957908163169977,0.015943877550893302,0.023038903061040825,0.03818558673438946,0.040816326530286856,0.4147799744864893,age_55_59,False
25,0.03525308700127012,0.035158827410357626,0.03251955886480799,0.03383919313758281,0.03157696295568312,0.03157696295568312,0.04750683381989342,0.07342822132082732,0.10425110754921056,0.09105476482146238,0.044019228956131404,0.02676972381914629,0.02243378263717189,0.025073051182721528,0.026392685455496345,0.025638608728196448,0.02686398341005878,0.2866434159648728,age_55_59,False
26,0.04245283018830141,0.04476682093231784,0.03800284798826982,0.028301886792200942,0.022249911000157975,0.02812388750419968,0.03720185119226413,0.05891776432841831,0.08223567105658387,0.06541473834046445,0.03577785688825402,0.02438590245617314,0.019045923816135225,0.02242791028815924,0.028835884656204736,0.029458882164209155,0.031772872908225586,0.36062655749056044,age_55_59,False
27,0.03952331961557336,0.040209190671808906,0.03943758573354392,0.03858024691324948,0.03120713305871736,0.034550754457865644,0.03677983539063117,0.06241426611743472,0.07304526748908569,0.05984224965655142,0.025205761316656326,0.02289094650186136,0.018518518518359752,0.02323388202997913,0.023748285322155793,0.03669410150860173,0.03540809327816008,0.3587105624111907,age_55_59,False
28,0.03579400510175547,0.034518494897684,0.02925701530588921,0.029655612244661546,0.027901785714063283,0.03388073979564827,0.04950573979552371,0.07740752550958699,0.10156249999919034,0.0861766581625783,0.038663903060916265,0.030133928571188344,0.02032844387738896,0.019850127550862164,0.022560586734514023,0.027503188775290947,0.026227678571219486,0.3090720663240667,age_55_59,False
29,0.04477737564140411,0.033835535729030926,0.027607103778910805,0.027522935779584857,0.029374631764755705,0.03854894369128399,0.04502987963938195,0.06455685548300179,0.0884605672915709,0.06969110344188459,0.03265718373846766,0.02466122380250264,0.022725359818005844,0.02331453581328748,0.023062031815309636,0.028364615772844333,0.03425637572566066,0.34155374126469523,age_55_59,False
30,0.04829153477762932,0.04090577063516836,0.02321240159059157,0.02142683223746914,0.022400779157354105,0.030841652463023766,0.04423342261144198,0.06152098043940004,0.07531856180443698,0.06087168249281006,0.031815599382908726,0.02369937505053405,0.01574547520480687,0.018342666991166767,0.020290560830936687,0.03140978816628999,0.036360685009038544,0.39331223114687675,age_55_59,False
31,0.040816326530286856,0.03659119897930013,0.022879464285531892,0.023836096938585488,0.023278061224304224,0.03348214285687594,0.04830994897920671,0.069036989795368,0.07924107142793972,0.06959502550964927,0.039779974489478793,0.026945153061009683,0.01969068877535323,0.018255739795772833,0.021922831632478292,0.02678571428550075,0.0338010204078938,0.3657525510174924,age_55_59,False
32,0.05528867149921138,0.049523975892658535,0.03257926456430623,0.022796750807731705,0.022534719189252032,0.023757533408823847,0.028998165778417344,0.04183771508392141,0.05528867149921138,0.05485195213507859,0.028386758668631436,0.02026377849576152,0.014673770634861787,0.01816752554792412,0.0301336361251626,0.04026552537304336,0.03869333566216531,0.421958249625103,age_55_59,False
33,0.033779149519600656,0.030606995884511254,0.03120713305871736,0.032493141289159005,0.03395061728365954,0.03806584362107282,0.048268175582576574,0.07381687242735067,0.10022290809241921,0.08770576131612048,0.044410150891251624,0.03695130315469006,0.023062414265920244,0.018861454046477523,0.01929012345662474,0.02683470507521575,0.024605624142450225,0.2958676268836088,age_55_59,False
34,0.041206835172292566,0.03524385902425023,0.03818084727627108,0.03595585617625528,0.034709861160246436,0.039426842292279926,0.04975080099635323,0.06425774296845622,0.07244571021651436,0.05687077251640378,0.03310786756823506,0.021003915984149128,0.01308294766809289,0.01984692061214091,0.029280882876207892,0.04093983624029067,0.032573869704231276,0.342114631538429,age_55_59,False
35,0.04156283374829509,0.03853684585227361,0.03088287646821927,0.029013883944206,0.02616589533618578,0.0351548593802496,0.04645781416832985,0.06541473834046445,0.10786756852876586,0.07191171235251057,0.03408686365224201,0.02429690281217251,0.017532929868124485,0.021003915984149128,0.0248309006761763,0.03577785688825402,0.031060875756220532,0.3184407262342609,age_55_59,False
36,0.032741351737793606,0.0330780237350974,0.029037959767451913,0.025923743792391853,0.02676542378565133,0.03223634374183792,0.05117414359017613,0.09502567123899482,0.11926605504486772,0.08854473529089685,0.03720225570206883,0.024829559801154536,0.022472855820028004,0.02499789579980643,0.022725359818005844,0.023062031815309636,0.02735459978093296,0.2835619897291174,age_55_59,False
37,0.03618137677158602,0.037747670138321344,0.031560811339716804,0.034145195394830095,0.032187328686410936,0.03281384603310507,0.03500665674653452,0.06938679614637491,0.10501997023960356,0.0863810791754532,0.03751272613331104,0.023416085832693116,0.018169003054129773,0.0267053019028373,0.02772339259121526,0.03046440598300208,0.03085597932468591,0.30472237449835754,age_55_59,False
38,0.03623347213064334,0.033968880122478125,0.03185039082451713,0.03316531521635499,0.028563079844922467,0.03608736942043913,0.04675286726534624,0.07714223098782129,0.11447147344499618,0.08371685294701062,0.040616553436769544,0.031412082693904504,0.027175104097982503,0.031412082693904504,0.026663744612267778,0.026444590546961466,0.026663744612267778,0.2676601650941072,age_55_59,False
39,0.03685749461344369,0.03324099722966112,0.03631886734351863,0.027162203754792533,0.023930440135242148,0.02654662973202103,0.048168667281870046,0.09741458910359022,0.12642351492669726,0.07571560480089477,0.03608802708497932,0.01977531548153451,0.013773468759512362,0.02100646352707751,0.025777162203556653,0.029855340104417854,0.027162203754792533,0.2947830101547031,age_55_59,False
40,0.03858418367316179,0.034199617346666135,0.033960459183402736,0.03411989795891167,0.031090561224241944,0.0347576530609474,0.03770727040786266,0.06114477040767582,0.08912627550949356,0.07517538265246193,0.03914221938744306,0.03117028061199641,0.02423469387735782,0.02861926020385348,0.027184311224273082,0.02638711734672842,0.031887755101786604,0.3215082908137635,age_55_59,False
41,0.047165532879390785,0.04616780045309598,0.022585034013400587,0.0214965986392608,0.02312925170047048,0.028571428571169417,0.03909297052118736,0.0573242630380288,0.0654875283440772,0.05804988662078866,0.03247165532850366,0.026394557822889842,0.015600907029336952,0.02267573696124557,0.020136054421586065,0.02993197278884415,0.02911564625823931,0.414603174599414,age_55_59,False
42,0.05680555555516107,0.049583333332989005,0.03423611111087336,0.021458333333184317,0.02097222222207658,0.022708333333175637,0.023541666666503182,0.03083333333311921,0.039791666666390335,0.03791666666640336,0.0222222222220679,0.016319444444331112,0.013124999999908854,0.014722222222119984,0.026458333333149592,0.04347222222192033,0.044374999999691835,0.48145833332998983,age_55_59,False
43,0.03586811809823895,0.03555485942489189,0.030307776646328544,0.02701856057618436,0.026313728561153465,0.03610306210324925,0.04988644373052011,0.08356175111532961,0.11551413579673024,0.08982692458227091,0.03798261414333164,0.024277547184397542,0.020126869762548932,0.021536533792610724,0.023651029837703414,0.029446315294624117,0.027645077922878493,0.2853786514191763,age_55_59,False
44,0.04369958493191558,0.03704283812329044,0.030072832641318246,0.02701856057618436,0.029446315294624117,0.0317957553447271,0.04111520087680229,0.07001331349306904,0.09711018873759017,0.06335656668444391,0.03038609131466531,0.019578667084191568,0.014958101652322357,0.018873835069160672,0.026548672566163764,0.03618137677158602,0.0320306993497374,0.3507713994803761,age_55_59,False
45,0.04004983980028435,0.032573869704231276,0.0267888928441902,0.02812388750419968,0.028390886436201575,0.03782484870026855,0.0496618013523526,0.06710573157647645,0.09531861872467676,0.07475970096053079,0.034531861872245176,0.022249911000157975,0.018689925240132698,0.02127091491615102,0.02394090423616998,0.03239587041623001,0.030615877536217372,0.3357066571703835,age_55_59,False
46,0.059421487602814696,0.05429752066070828,0.029917355371653572,0.018099173553569426,0.017851239669273957,0.022561983470887916,0.028347107437782255,0.041322314049245266,0.045867768594662246,0.047107438016139605,0.02603305785102452,0.023471074379971313,0.017438016528781502,0.016363636363501126,0.022396694214690933,0.039338842974881494,0.03999999999966942,0.45016528925247795,age_55_59,False
47,0.047543809249874,0.043306521114311214,0.02851192186132927,0.027291008330743383,0.023197357081131877,0.025854639471230574,0.0328210284398677,0.052714737144120116,0.07864119505832633,0.06320022981856363,0.026788279229913902,0.0211146222348383,0.016590060327372952,0.020180982476154977,0.024130996839815202,0.035119218615088196,0.03784831944816253,0.39514507325197396,age_55_59,False
48,0.04181818181783621,0.03991735537157093,0.03537190082615395,0.028512396693979234,0.030495867768343007,0.034710743801366024,0.048181818181419984,0.06925619834653507,0.07347107437955809,0.060661157024292055,0.029669421487358103,0.0183471074378649,0.017190082644486033,0.021322314049410557,0.02487603305764565,0.03735537190051772,0.03396694214847961,0.3548760330549184,age_55_59,False
49,0.0504807692303025,0.043176775147529795,0.026534763313364136,0.023113905325230083,0.02431582840214205,0.027829142011577022,0.03716715976296998,0.055658284023154043,0.06240754437812123,0.05316198224802919,0.03023298816540095,0.022374260354822723,0.01608727810636014,0.01876849112408683,0.02209689349091996,0.03568786982215525,0.03873890532508562,0.41216715975950285,age_55_59,False
50,0.047771947685427425,0.045265878298650905,0.028428224606246156,0.02286788315433575,0.02310282715934605,0.0267053019028373,0.030542720651338843,0.047145430338733293,0.07110971884978377,0.05959746260427913,0.03336204871146243,0.02161484846094749,0.019970240425875398,0.02161484846094749,0.023416085832693116,0.03712115279162721,0.04033205419343463,0.4000313258642021,age_55_59,False
51,0.056392559548384874,0.05420419156591024,0.028617119770822177,0.022388687820702056,0.016749431865863567,0.023398703812613424,0.029458799764081653,0.04275734365758137,0.0521841595820875,0.048312431613093905,0.024072047807221008,0.015066071879344617,0.013046039895521874,0.018264455853730623,0.018516959851708467,0.04250483965960353,0.043262351653537055,0.4508038043897752,age_55_59,False
52,0.047168359494866356,0.04262850107692653,0.030855647891421548,0.02146814404415614,0.022545398584006268,0.03008618036295717,0.0352416128036685,0.06301939058123253,0.07571560480089477,0.05355493998112069,0.026084949214942404,0.01908279470591657,0.015774084333519744,0.01769775315468069,0.021545090797002574,0.03424130501666481,0.04247460757123365,0.4008156355770943,age_55_59,False
53,0.04409048938100884,0.045783317943630476,0.026161895967788843,0.021929824561234764,0.0213911972913097,0.025700215450710214,0.03208679593696455,0.06363496460400403,0.09325946444988258,0.06425053862677554,0.03693444136629013,0.024392120652320774,0.015389350569287554,0.020160049245766695,0.02446906740516721,0.03654970760205794,0.03301015697112181,0.3708064019669836,age_55_59,False
54,0.04809172052902361,0.043013234841158716,0.03431825176951125,0.03131732840850017,0.02385349338239571,0.02593105570924953,0.030932594644267983,0.04701446598917348,0.06117266851291803,0.055478608802281636,0.03254847645404318,0.026854416743406783,0.02239150507831339,0.029085872575953478,0.026469682979174593,0.03654970760205794,0.039935364727301206,0.3850415512435746,age_55_59,False
55,0.042721088434986655,0.03265306122419362,0.03283446711988359,0.032018140589278744,0.03192743764143376,0.034829931972473194,0.045260770974646154,0.06394557823071251,0.07709750566823494,0.06739229024882183,0.0414512471651569,0.027755102040564576,0.01950113378667119,0.017233560090546635,0.02630385487504486,0.028752834466859382,0.03056689342375903,0.3477551020376621,age_55_59,False
56,0.03594643276657572,0.02913305662127705,0.026940245907847597,0.022397995144315154,0.028741483279593222,0.03531991541988159,0.04980812906218335,0.0921763646323739,0.11574907980174054,0.08622444983877967,0.03719946745996398,0.0267053019028373,0.01934372307918127,0.021771477797621022,0.020831701777579828,0.02325945649601958,0.029446315294624117,0.29900540370977363,age_55_59,False
57,0.046328335255225596,0.046712802767717096,0.02710495963065066,0.027585544021265035,0.020665128796418058,0.028835063436862405,0.03508266051484926,0.04950019223328046,0.05132641291761508,0.048923490964543216,0.030853517877442775,0.025086505190070295,0.018838908112083438,0.017493271818363194,0.01989619377143506,0.03489042675860351,0.03642829680856951,0.43444828911539357,age_55_59,False
58,0.03310786756823506,0.0348878604482477,0.03497686009224833,0.033552865788238226,0.025898896404183882,0.032662869348231906,0.04930580277635007,0.09451762192867107,0.12121751512886064,0.09086863652464516,0.04369882520431026,0.034531861872245176,0.029280882876207892,0.024118903524171245,0.02313990744016429,0.020024919900142175,0.02536489854018009,0.24884300462576678,age_55_59,False
59,0.040352869245869914,0.03519958074910298,0.03764520918824661,0.029784260633856367,0.03257926456430623,0.03572364398606233,0.0433225609219729,0.06463446589165311,0.09197309808636585,0.071971351209084,0.03458817363931707,0.026290505720794038,0.020351122368588076,0.024456284391436312,0.030308323870815716,0.031007074853428185,0.029871604506682924,0.3199406061636829,age_55_59,False
60,0.03343621399148288,0.039008916323396696,0.03412208504771843,0.030349794238422927,0.025205761316656326,0.03463648833989509,0.04938271604895934,0.07141632373052627,0.09953703703618366,0.07338820301720346,0.037037037036719504,0.02469135802447967,0.01508916323718202,0.02006172839488973,0.025120027434626883,0.03429355281177732,0.026663237311156864,0.3265603566501495,age_55_59,False
61,0.038795552308750945,0.035305575845829835,0.031085139192995007,0.02670237805351268,0.028163298433340124,0.036847658468981026,0.04204204204170082,0.054297540783586576,0.08733057381635151,0.0786462137807106,0.0413115818517871,0.02548494440365648,0.022644265887325342,0.019884749614317954,0.02548494440365648,0.026458891323541442,0.029624218813167565,0.34989043096867223,age_55_59,False
62,0.03770727040786266,0.037627551020108195,0.033322704081367005,0.021205357142688095,0.024872448979393554,0.029177295918134744,0.03627232142828227,0.07389987244839047,0.11670918367253898,0.0852200255095247,0.038663903060916265,0.027343749999782015,0.02112563775493363,0.021922831632478292,0.020886479591670226,0.027901785714063283,0.028938137754871345,0.31720344387502225,age_55_59,False
63,0.037434411464974275,0.033831936721483026,0.0320306993497374,0.029446315294624117,0.02897642728460352,0.03672957944994338,0.04338632625856851,0.06312162267943361,0.08262197509528842,0.07839298300510303,0.047145430338733293,0.02827159526957262,0.022084736470968088,0.021301589787600425,0.024669120526081376,0.023807659174376945,0.03062103531967561,0.33612655650140083,age_55_59,False
64,0.041495198902250556,0.043724279835016075,0.03489368998598342,0.024948559670568,0.02109053497924305,0.02529149519868577,0.03660836762657228,0.062157064471346384,0.0887345679004738,0.06678669410093632,0.03592249657033674,0.030949931412629028,0.019890260630830842,0.02057613168706639,0.024948559670568,0.03137860082277624,0.032493141289159005,0.3581104252369846,age_55_59,False
65,0.04909090909050338,0.051818181817753564,0.03644628099143433,0.02487603305764565,0.020661157024622633,0.02314049586757735,0.02768595041299433,0.05892561983422375,0.06595041322259544,0.05867768594992828,0.025619834710532065,0.020826446280819616,0.016115702479205653,0.022314049586592444,0.0279338842972898,0.04512396694177583,0.035867768594744893,0.3889256198314965,age_55_59,False
66,0.03437928669380676,0.03540809327816008,0.031893004114952904,0.029406721536099047,0.03077846364857014,0.040294924553838346,0.05564128943710869,0.08196159122014779,0.08727709190597327,0.07081618655632016,0.035836762688307294,0.024091220850273563,0.018689986282418636,0.016632373113711997,0.020233196158948617,0.027777777777539626,0.03515089163207175,0.32373113854317787,age_55_59,False
67,0.03827662721858102,0.03624260354996077,0.03051035502930371,0.033746301774835924,0.025795118342956773,0.03383875739613684,0.04474852070964545,0.061760355029014787,0.06490384615324608,0.06055843195210282,0.03578032544345617,0.02524038461515125,0.017381656804573025,0.018121301774980385,0.020894970414007997,0.030972633135808312,0.036427514792562614,0.38480029585443043,age_55_59,False
68,0.03724222837767588,0.03685749461344369,0.02723915050763897,0.02862419205887485,0.027393044013331848,0.03070175438572867,0.04524469067370541,0.07571560480089477,0.09395198522550052,0.08694983071647468,0.04324407509969803,0.030547860880035794,0.01900584795307013,0.020852570021384634,0.02285318559539202,0.02385349338239571,0.027008310249099658,0.32271468143796,age_55_59,False
69,0.04921680313234944,0.052865788536375344,0.03862584549627424,0.029191883232207262,0.024207903168171875,0.02296190815216303,0.024741901032175665,0.035599857600252756,0.05242079031637219,0.04814880740434185,0.029280882876207892,0.024029903880170612,0.018956924172134595,0.02812388750419968,0.0329298682802338,0.03613385546425655,0.041206835172292566,0.4113563545709206,age_55_59,False
70,0.028300382652835614,0.02654655612223735,0.023278061224304224,0.02981505102017048,0.035873724489509935,0.04711415816288971,0.06632653061171614,0.09837372448901169,0.13679846938666454,0.09534438775434195,0.05229591836693004,0.031090561224241944,0.02335778061205869,0.02399553571409442,0.024633290816130155,0.021843112244723826,0.022480867346759557,0.21253188775340773,age_55_59,False
71,0.04865053716439295,0.039566774390430895,0.03519958074910298,0.027338632194712737,0.027163944449059618,0.032404576818653115,0.04568084548828997,0.05799633155683469,0.07057384924385908,0.05065944623940379,0.025941130229487804,0.020962529478373983,0.01301423705115718,0.015721897108780487,0.02760066381319241,0.03843130404368564,0.03816927242520596,0.3849244475466423,age_55_59,False
72,0.06278932749715689,0.04982745560096096,0.02811211177486649,0.019274471845641995,0.017170271862493307,0.01969531184227173,0.024072047807221008,0.032993855735771446,0.039727295681847255,0.03939062368454346,0.020957831832160947,0.019611143842945784,0.013719383890129454,0.01843279185238252,0.016833599865189515,0.04469320764207816,0.04578739163331548,0.4869118761006067,age_55_59,False
73,0.05532471529658876,0.054786088026663696,0.03385657125243262,0.021160357032770388,0.019852262234380944,0.02100646352707751,0.023391812865317083,0.026469682979174593,0.03139427516134661,0.03316405047681468,0.019236688211609444,0.01977531548153451,0.014773776546516052,0.01869806094168438,0.02446906740516721,0.04355186211108378,0.04778393351763786,0.4913050169245052,age_55_59,False
74,0.038570154577596834,0.03752972651577341,0.028909036860665063,0.023706896551547955,0.021997621878552334,0.028091557669232374,0.03886741973811781,0.06487812128370334,0.09438168846541035,0.07290428061776973,0.03916468489863879,0.028165873959362618,0.017984542211519138,0.022815101069985022,0.023855529131808443,0.032030321046135325,0.028909036860665063,0.3572384066560847,age_55_59,False
75,0.0427812071326922,0.03986625514369113,0.0281207133056574,0.026491769547097976,0.027692043895510183,0.03283607681727678,0.03617969821642507,0.06044238683075752,0.0946502057605054,0.07570301783199843,0.04303840877878053,0.0255486968447741,0.020747599451125278,0.02632030178303909,0.02469135802447967,0.03103566529465847,0.03077846364857014,0.3330761316843872,age_55_59,False
76,0.03571138706244857,0.03238373508617495,0.028893758623253843,0.025809593376951465,0.03173443713958498,0.04041879717522588,0.04967129291413301,0.08400292184007789,0.10510510510425204,0.08018829640386178,0.04285366447493828,0.025403782160332733,0.020858696534202914,0.02475448421374276,0.023050077103944078,0.025647268890303974,0.02702702702680767,0.2964856748616469,age_55_59,False
77,0.03566529492424841,0.03660836762657228,0.03155006858683513,0.026406035665068533,0.029235253772040164,0.035065157750042306,0.045438957475604946,0.07441700960155678,0.10433813442983249,0.08890603566453269,0.04612482853184049,0.025891632372891875,0.019633058984742515,0.025634430726803544,0.028206447187686844,0.026234567901009646,0.029063786007981277,0.29158093278213665,age_55_59,False
78,0.038308578848808464,0.03546790033247733,0.03173443713958498,0.03189676162623247,0.03822741660548472,0.04512620728800319,0.057787517246507686,0.07288369450472458,0.09293076860569002,0.07572437302105572,0.038795552308750945,0.028650271893282602,0.018586153721138005,0.022319616914030355,0.030598165733052525,0.03270838405946994,0.026621215810188933,0.2816329843334012,age_55_59,False
79,0.047317587857744356,0.04788572356101058,0.0262154045935702,0.02126450775082165,0.021102183264174155,0.02045288531758418,0.028569109649958856,0.053810567323644094,0.07694180667091192,0.062494927359284996,0.02970538105649131,0.021832643454087877,0.016151286421425604,0.020777534290879168,0.021913805697411623,0.03522441360250609,0.03473744014256361,0.41360279197781347,age_55_59,False
80,0.03619836052239105,0.03343884424938366,0.034818602385887354,0.03076049021970002,0.034412791169268625,0.036847658468981026,0.04585666747791691,0.0697995292584222,0.09309309309233753,0.07661715769761693,0.03676649622565728,0.02873143413660635,0.020858696534202914,0.02718935151345516,0.029137245353225084,0.026458891323541442,0.02702702702680767,0.31198766333648253,age_55_59,False
81,0.03871878715785732,0.03752972651577341,0.03188168846587484,0.028091557669232374,0.026085017835715776,0.035225921521735835,0.04369797859658369,0.06472948870344285,0.09787455410153184,0.07112068965464387,0.037975624256554874,0.022740784779854778,0.01865338882269134,0.01969381688451476,0.027571343638320662,0.03284780023756802,0.03262485136717728,0.3329369797834948,age_55_59,False
82,0.0317790089255788,0.03539550630936138,0.03593413357928644,0.03270236995973605,0.030240073868650044,0.0380886426589867,0.053401046475427816,0.08587257617662455,0.10487842412969468,0.07902431517329159,0.04586026469647691,0.03308710372396824,0.024084333640935023,0.02285318559539202,0.02662357648486747,0.029470606340185668,0.027162203754792533,0.26354262849904936,age_55_59,False
83,0.051955690618057486,0.04078031565492814,0.028820703852280943,0.02509557886457116,0.022938927555897076,0.030585236741196103,0.04019213802528975,0.05303401627239453,0.06352318400094575,0.05617096363046592,0.037545338691917014,0.028036467012763095,0.019998039407705146,0.02068424664228326,0.020978335457102457,0.03362415449432777,0.03225174002517153,0.39378492304289986,age_55_59,False
84,0.0541322314045113,0.043884297520298474,0.027520661156797348,0.027603305784895837,0.020991735537016595,0.026363636363418482,0.02909090909066867,0.043719008264101494,0.05752066115654941,0.046942148759942626,0.022479338842789427,0.018429752065963388,0.017933884297372447,0.01652892561969811,0.01991735537173622,0.036942148760025266,0.042561983470722625,0.44743801652522774,age_55_59,False
85,0.04057669441111343,0.04094827586176465,0.03663793103421048,0.03225326991652606,0.027422711058060174,0.032996432817828505,0.04280618311502076,0.05841260404237208,0.07795778834662635,0.060047562425237455,0.03180737217574459,0.02697681331727871,0.019396551723993783,0.022889417360115266,0.026605231866627485,0.03730677764538268,0.03693519619473146,0.3480231866799344,age_55_59,False
86,0.04738562091457722,0.03863898500539562,0.03248750480553164,0.0299884659743369,0.02547097270256179,0.02979623221809115,0.0379661668585355,0.0618992695111313,0.07525951557021088,0.06286043829236004,0.02604767397129904,0.021626297577646805,0.014417531718431202,0.013648596693448206,0.023740868896350048,0.038062283736658375,0.03546712802734076,0.38523644751648173,age_55_59,False
87,0.04105162022848238,0.03476286138497019,0.027862695431672087,0.025766442483834688,0.029434885142550136,0.039566774390430895,0.048912568782872624,0.058782426412273714,0.07424229190257452,0.06183946196120325,0.029260197396897017,0.02620316184796748,0.017294086819658536,0.018080181675097562,0.022971438553384824,0.034413485893663956,0.03694645820563414,0.3726089614780975,age_55_59,False
88,0.039256198346783004,0.039090909090586025,0.03214876033031282,0.025950413222926027,0.03074380165263848,0.03239669421460829,0.04793388429712451,0.07256198347047468,0.09454545454467317,0.06735537190026979,0.034876033057563004,0.027272727272501875,0.023553719008069803,0.02454545454525169,0.027190082644403386,0.03173553718982037,0.027190082644403386,0.32165289255932517,age_55_59,False
89,0.035634566326246536,0.033561862244630404,0.02957589285690708,0.025988520407956083,0.020009566326371096,0.028459821428344547,0.04288903061190299,0.062260841836238354,0.09247448979518116,0.08027742346874778,0.041055484693550255,0.034837372448701866,0.02471301020388462,0.02901785714262581,0.026466836734482885,0.03316326530585807,0.04288903061190299,0.31672512754849547,age_55_59,False
90,0.03421487603277508,0.034793388429464514,0.029834710743555082,0.03198347107411584,0.03289256198319923,0.03884297520629055,0.042314049586427156,0.059421487602814696,0.09644628099093845,0.07396694214814903,0.03661157024763131,0.030082644627850555,0.025206611570039613,0.024214876032857727,0.025289256198138103,0.02950413223116112,0.03115702479313093,0.3232231404931965,age_55_59,False
91,0.04538981844032226,0.04627981488032858,0.029903880384212315,0.02358490566016745,0.02073691705214723,0.030615877536217372,0.044054823780312787,0.06906372374449035,0.08784264862862368,0.06799572801648276,0.029725881096211052,0.018511925952131435,0.0184229263081308,0.021804912780154815,0.028924884300205365,0.03408686365224201,0.02999288002821295,0.3530615877505067,age_55_59,False
92,0.039621928166052006,0.037882797731282544,0.03213610585987042,0.028960302457247934,0.03054820415855918,0.032362948960057744,0.040680529300259505,0.06517958412049013,0.0978449905474643,0.0780340264644383,0.036748582230345946,0.02669187145537473,0.018979206049005826,0.020491493383587966,0.029489603024351684,0.0340264650280981,0.03924385633240647,0.31107750472354573,age_55_59,False
93,0.03824253616467957,0.03608802708497932,0.028393351800335538,0.03493382579228275,0.026854416743406783,0.0340104647581255,0.044398276392394596,0.06571252693085786,0.09687596183366515,0.08094798399445254,0.04170514004276927,0.029470606340185668,0.0213911972913097,0.02216066481977408,0.024007386888088584,0.026315789473481718,0.02800861803610335,0.3204832256054133,age_55_59,False
94,0.03986216618341403,0.041898347560169955,0.032187328686410936,0.026470357897827,0.02474743519441814,0.02952462996296088,0.041585088886822885,0.07322421489487646,0.09726681807426371,0.07667006030169418,0.035789803429902185,0.024982379199428438,0.018717205732487138,0.023416085832693116,0.031247552666369742,0.0322656433547477,0.03062103531967561,0.31952384681400636,age_55_59,False
95,0.04309401565488516,0.04149482366769215,0.0329096877364455,0.023062031815309636,0.025755407793739957,0.02609207979104375,0.0346772157222904,0.04679740762522685,0.06800774345536564,0.06169514350591957,0.032404679740489814,0.027270431781607013,0.017422775860471147,0.020621159834857156,0.023230367813961532,0.032152175742511974,0.038380607692632095,0.4049322447571338,age_55_59,False
96,0.04481272294853736,0.045630202139970044,0.02786860879884164,0.026010701545585532,0.026456599286366997,0.029949464922488483,0.04109690844202514,0.05826397146211159,0.0807074910814454,0.06584423305539652,0.03775267538616414,0.028091557669232374,0.020659928656207936,0.026085017835715776,0.0224435196193338,0.03173305588561435,0.03478002378095437,0.35181331747657685,age_55_59,False
97,0.043623662306453447,0.0376783590960339,0.0343341260401729,0.029503567181707015,0.027719976218581154,0.03136147443496313,0.04295481569528125,0.06606718192578726,0.0892538644464235,0.06108799048706088,0.029503567181707015,0.019619500594384515,0.014120095124746431,0.01902497027334256,0.033145065398088994,0.0350029726513451,0.03321938168821924,0.35277942924827005,age_55_59,False
98,0.04199983166364784,0.035939735712179614,0.024829559801154536,0.024156215806546952,0.026849591784977277,0.035687231714201774,0.052099991582761546,0.08223213534145078,0.09342647925180181,0.07381533540885603,0.02785960777688865,0.019863647840923628,0.019526975843619836,0.01902196784766415,0.022052015823398264,0.02802794377554054,0.029711303762059493,0.3429004292539104,age_55_59,False
99,0.04561983471036678,0.04561983471036678,0.03628099173523734,0.028760330578274707,0.02289256198328188,0.027107438016304896,0.03677685950382829,0.06239669421436035,0.06942148760273205,0.06214876033006488,0.034710743801366024,0.022148760330395464,0.017190082644486033,0.01818181818166792,0.028595041322077724,0.03727272727241923,0.034462809917070555,0.3704132231374346,age_55_59,False
100,0.050277777777428624,0.0444444444441358,0.027569444444252987,0.024236111110942805,0.022361111110955824,0.027777777777584875,0.0381944444441792,0.05618055555516541,0.05229166666630353,0.04888888888854938,0.027847222222028838,0.020486111110968847,0.014791666666563947,0.01833333333320602,0.024583333333162614,0.035624999999752605,0.03798611111084731,0.4281249999970269,age_55_59,False
101,0.04209974670240108,0.04524412612415718,0.02864879028711111,0.028823478032764225,0.024281596645783197,0.02515503537404878,0.0401781815002168,0.06498384138295935,0.09450607039833604,0.07581448161345257,0.03528692462192954,0.022884094680558263,0.019652371385975607,0.018866276530536585,0.024543628264262873,0.029958948379509485,0.030745043234948508,0.34832736483231436,age_55_59,False
102,0.0370338020784607,0.02960957288820325,0.02515503537404878,0.03397676652953117,0.036859114332807585,0.04384662415893225,0.05790898768400813,0.06804087693188889,0.0939820071613767,0.0728447899373496,0.046030220979596206,0.03528692462192954,0.02611581797514092,0.021835968206639567,0.025417066992528454,0.027425976067539295,0.03860599178933875,0.2800244562819458,age_55_59,False
